00281242
00282048
01386740
016173371
02210355
02480007
025860422561
03003495
0350322479
04022791
04782543
05140503
05387871
05774066
05922880298
05929095
05972994
061107873
06778339
0785429879
09013789
09159918
09759879
09795806
099181311272
09924148497
100069376
100135936
1001394200
1001394201
1005261563
1007902069
101440512
102097920
1024851366
1024851367
10267648
1035247149
103543808
103691156
104583168
1052970183
105453568
105475072
106019840
1067180549
1068335977
1069511734
1070664017
1072064834
10730806
107411456
1076169599
1077927362
1079316668
1083839479
10868736
1087374759
1087374760
1088184021
1092009455
1092381401
1093360178
1093670084
1094930513
10991616
1099394009
1101320102
11016192
110628850
11094016
1120443731
1122366063
1137946176
1138436619
1143715486
1148380017
115004647846
11517952
1158473989
115873792
1160172628
1161229815
1164079420
1171276175
1171276176
1171276177
1171276178
1171276179
1171276180
1171276181
1171276182
1171276183
11834481
118643712
1191486031
11949056
1209833121
12109824
121477120
121489408
1215161139
121530368
121621504
1216688437
1216688438
1219772955
12201984
1231732979
1231732980
1233399186
1233607204
12372664
12382208
1238544522
1241968912
12456422
1246265707
126184448
1263008826
1287282214
1290747381
1291813217
1292311461
1295004604
1296085015
1296160654
12965709
1302922844
1302987715
132206592
132338688
13236224
132420608
1333539190
13342595
133650432
1339115133
13432367
13502464
1355962964
1360102908
1360102909
136676352
1384831053
1397406775
140065813
140920832
14222336
1424882955
1430485121
1431955703
1436000646
1437234830
14384128
1445112364
1445112365
1449230382
1450395852
1451047215
1452014319
1455593654
1455626519
1457185685
1458102137
1458408899
1458911539
1459370949
1459710494
1461434864
1461438602
1462413969
14687725
1473155604
1474134013
1479050948
1483599656
1484296990
1486322860
1489155547
1489155548
149056512
1493114217
1495004898
1495004899
1496561954
1497257827
1497663561
1497843737
1499301607
1500356510
1500356511
1500855883
1503472689
1504405369
1506959349
150881280
1511782875
1512265589
1513798358
151472128
1516179359
1516754355
1517783697
1521231523
15214592
1524695943
1525508172
1527943737
1527986972
1527986974
1529257082
153088000
1530907314
1534664917
1534695678
1534829615
1536924347
1537679225
1537745547
1538616065
1540244305
1540316217
1541993326
1547417994
1548477206
1548694093
1549208673
155029023
1555920724
1557790913
1559479889
1560806519
1560860757
1560860759
15611293
1562810290
1563356470
1565382251
15673344
1567405772
156771328
156849152
1569664554
1575323645
15782607
158024704
158535329
1588240856
1590841932
1591028321
1592556878
1595301777
1596868497
1599719156
1602061522
1605126761
1605374005
1607753160
1609124119
1609848556
1616451812
1616512874
1617391485
1617785493
16220648
1624870295
162779136
1628278379
163220480
1634638030
1635132210
163518464
1635209650
16377856
1641879877
1643679195
16467968
1646943596
1647794611
16522240
165256192
1655290753
1655348937
1658377526
1659171684
1659171686
1659403932
1659720931
1661308505
166132736
166148096
1663903720
1664437810
1665129817
1667441037
1667518571
1667518573
1668296749
1668633970
1669007652
1669009329
1669562142
167133184
1671341729
1671537674
1671705201
1672027836
1672168459
1672168461
1676579619
1677253137
1677487009
16794727
1682503272
1682749427
1684349733
1684925312
168508416
1689555045
1689935601
169066496
1693323064
1693338481
16955392
1697701491
1697877274
1697900797
1699930800
1705610041
1707488142
1707617401
170973184
1711028919
1711580541
1713603325
171362304
17138688
1716669578
1719416463
1723548839
1730758092
1734517602
1738110841
1738565304
1740812494
1745047526
1745253626
1746883957
1747415877
1747506574
1749031936
1760274903
1761560109
1761856605
1763215070
1763658024
1769163494
177402880
1774505069
1776608597
1777221152
1782322506
1784201152
1786861499
179305595
1793921190
1797804192
1798143518
1805296927
1810247790
1811104213
181187584
1816580215
1818343424
1818833451
18195236
1819713477
1820288437
1832010002
1835878267
1837914739
1845433384
1846054886
1852000687
1853582855
18556928
18573312
185811968
1859530590
18601231000
186595387
1866919371
1869283308
1869830482
1870568962
1873488208
18765629
1883078807
188549120
188555264
1886573053
1887494797
1888388490
1891058661
1891325147
1892230887
1892371113
1892993247
1893648915
1895541151
1895924412
1896609908
18995200
191299584
19196928
193652736
194069504
19507200
19678919
19710976
1973971968
19839798
199158784
2003145728
201380010
202002251416
202134528
20227566934
202384136660
20240829
20251226
20295680
20776458
208882688
20942848
211821568
2121723904
21318656
21564166
216809472
21755844
2176004096
21773876
219799552
22049784
220755968
221458432
222242816
22412619
227859456
232211456
233432708
233954304
235082752
23528974
23698505
239314944
24050688
24086528
24127488
24143872
243150848
24439004
24641536
24678400
2480448239
24834458
249389119
249664512
250298734
250352640
251954176
25262076
253459456
25426789
25808896
25937920
260728832
26480640
2683987038
269175808
26990461124
27023519
270481385
27295744
27654990
276758528
278837248
278914048
28116929
2813104807
28152832
281956209
28205056
2838670336
284417353
284800461
284815942
284882215
284882218
285005466
28501859
28517145
28665856
28718080
28761343
287847424
29122560
29464576
297606954
298372283
300291313
3007501312
301200384
30523392
30592000
306230272
3077751106
307872768
308362908
30853559
310633997
310634000
31092127
31412260795
314886032
318108672
31870976
320424095
321143808
32482052
32533504
328135727
329191008
33373184
33728512
33869824
344077850
34570207
35008512
35170851
35176823
3525981184
352738525
353198080
35538674
35564398
35689749
357504660
35785728
35863552
360046272354
360046909813
36030972
36165581
361960662
36334592
363452277
363452280
36346066
3657485701
366253783
36641993
36765696
368116736
370406400
37062450
372859904
373719040
37465545
375380948
376578048
377079808
380453888
385238016
385484800
385528125
38631424
388384155
388627783
388909056
389801252
389801255
390516367
394084347
39581685
398392554
403756560
40430853063
404397056
4046709872
405553445
405913089
406889139
40794112
40838144
40888519
40937472
409564160
4113322367
412624975
415118511
41830400
42129408
422891101
42506240
42577920
42753950
429047995
43082752
431226222
43179008
431946152
431946155
432671744
43560960
437167260
438105088
43856757
44255232
44293184
445740417
446889612
447188370
44776448
44807168
448137434
448535552
448739328
4516838884
454638411
46108191
46277345
468009229
469821440
469863705
469863708
470556954
473948160
47492096
47553536
47577088
477987706
47936321
479370968
48126976
48152735
481864704
48384000
4894059235
490328393
490449802
498493965
499425280
502082740
504038048770
50431538
50723840
509964695
510855668
51140608
511835136
51470336
51688071
518202117
519611619
520762368
52130378
5262648051
52744415
529040864
529513360
531033552
531033555
53191680
535886823
53836248
5407750657
54191851
544007664
545519333
54673408
54751232
55103488
55131136
55432657
555989645
562292809
563810701
5697665057
57095737
571993846
572959637378
57472000
576107879
577654768
58148864
583290573
58386432
58442752
585027354
58541056
58578944
58999808
592610109
593205248
5950928615
595803136
601571328
60310528
604693798
604724860
606917985
612031488
613564666
613814272
61475240190
61693952
617024512
61722573
621574163
62597120
62891589
629797415
63054848
6346041188
636749824
63710208
637611802
640199958
64123946
6443484810
6443526307
6443736126
6444705415
6444823739
6445909511
6445966326
6446089700
6446125657
6446191193
6446290525
6446302416
6446322081
6446606152
6446609054
6446620543
6446777721
6446783111
6446813562
6446841853
6446933637
6446992925
6447063220
6447167650
6447290444
6447323802
6447425433
6447469780
6447763703
6447795199
6447805361
6448311069
6449022374
6449190344
6449515855
6449839428
6450096329
6451362256
6452801658
6453166892
6455885767
6455889225
6458189531
6459356447
6464162104
6468238907
6468519643
6469004584
6469112255
6469832474
6470393876
64723430
6473349783
6473799789
6474760039
6475645542
6477489729
6477697942
6477834897
6478006519
64780485
6479198346
6479352715
64810506
6483539426
6483866020
6499342538
6502377840
6502765668
6502922811
6502945500
6504274697
650956800
65310566
6535689599
6541762480
65611776
6563138771
6575389077
65855488
6596728311
6596745408
660580928
6605936526
660683603
660683606
660715509
6621183992
6621249393
66394112
6642693511
6642711442
66453504
6670425489
6670501910
66836689
668385721
66873344
6698860000
67049472
673424866
6737061697
6737597349
6738619733
6739526801
6740106882
6740388983
6740520360
674096229
6741363138
6741676133
6742846833
6743377956
6743494284
6743656176
6743831992
6743953410
6744462086
6744620743
6744974392
6746354959
6748889205
6749363102
6749772166
6749819872
6752536165
6753068194
6753873785
6753975758
6755092880
6755112160
6755424119
6756231134
6756681102
6756683265
6756825481
6757311439
6757433936
6757854925
6757943635
6757946384
6758049314
6758134130
6758255354
6758574808
6758638534
6758989075
6759581694
6759922385
6759928240
6760208960
6760350739
6760389777
6760394780
6760509573
6760717853
6760863184
6761047585
6761248437
6761316344
6762047715
6762496898
6763091539
6763883566
6764818580
6773005756
6773156032
6775221338
6778022090
6780591952
680652783
680819774
684056323716
68553496
68639744
68724132
688819422
68972370
6924045550
6926885533
69339136
696187904
69765636
69783552
70371974
70468281
70499307
70631408
70802834
711521280
71799153
72034149
72121344
73053184
73140236470
733155473
733588920
73448448
73628672
73967900797
740156494166
74156950
74450119792
744754277
7457671631
746360832
74830848
752147456
75236861
7527195410
75414528
755510328
75602938
758103884
76388435
76624897
76844032
772668416
777422331069
78073856
783891456
78824448
79440929
79484145938
79639552
79749843
801268943
80147021
807093311431
807323158
80871713
81063936
81085440
81254477
819269428415
8193855322
8194602660
81968128
82107829812
82353890
8237177317
82608392
83114847
833042063
834473782
834515863
840239484
84660300
84949238
85964800
85965291
861314887
8683517080
86980596
87023616
87276544
8731735562
87398813
87546880
875541285
877487111
88251547
88653824
88729600
891194494
89844736
899247664
905170041
90677335
90794835
91026517
91112448
921736765154
92345070
92622848
92681196
930378818
93243381559
93643776
93677941
93717504
94026752
94194808
941965170776
94210482
94216225
944011620
94666682
94886856
94936389
949701151
95370467
960335206
96249525
962932915
963125248
96707146
97617920
97818025
979100611
980428153
983415513
983435264
98785280
98944000
99103744
99405824
99411905549
9956460514
99657728
99898368
